32211141
26052608
54676147
89994166
31228102
01345252
39317758
98638227
46216593
86831307
91441045
99163521
93247788
04693229
43815805
37225509
93771544
99646152
09338397
93966937
06576172
80544395
13907715
22814544
94709727
55102752
20334007
11431295
50133505
92383735
02761493
61927370
02674502
18576495
25035847
25935200
30544155
97599861
62750945
44606229
75083701
69560626
36439144
46689947
48336510
71651089
20110530
92421570
38581879
86813923
54535156
26004892
54948497
81061117
17041017
72006611
05138638
85766644
98602613
35823520
94299156
90048430
20398673
11697156
95605924
59646918
62183873
42874216
87078769
24583354
17827071
97120638
36459863
20657487
65819047
85906776
39182096
45108036
94870609
93236104
94419103
04836555
88461449
72754073
32381527
45669633
55251031
13197434
97690212
37140319
78933249
49016978
54877743
42035127
34760249
76958845
81346707
25891271
22519078
27675141
