6
17
23
5
11
3
26
14
23
8
2
8
9
12
21
3
10
6
6
22
60
53
28
46
34
49
98
40
35
78
74
39
42
68
54
40
36
62
41
40
56
60
75
55
73
93
51
53
40
56
39
32
37
45
23
52
69
40
71
38
53
23
70
74
21
82
35
69
95
21
96
50
34
84
96
49
48
71
87
95
63
85
75
92
99
62
79
40
73
86
70
49
48
88
73
26
75
31
69
32
86
46
62
64
55
32
23
60
62
47
34
89
91
91
99
92
87
43
39
69
65
46
104
117
43
99
74
120
40
52
72
105
74
108
54
62
67
62
75
100
88
66
91
70
99
82
108
67
84
97
58
118
43
79
108
101
56
102
117
60
92
45
66
90
119
86
92
41
110
46
107
113
55
106
111
58
70
62
120
78
105
97
41
46
87
79
40
70
117
91
82
63
40
65
112
56
97
55
49
112
110
60
120
72
111
41
76
116
105
55
78
58
51
111
68
93
55
88
52
60
71
80
70
76
76
73
75
72
72
76
77
70
77
80
71
73
77
72
80
76
70
73
70
70
76
79
77
77
75
79
70
74
73
70
74
80
80
74
72
73
72
80
77
75
73
74
74
78
73
73
74
74
72
76
72
76
80
75
76
80
76
76
78
71
77
77
73
75
79
78
80
72
70
71
73
74
80
71
70
77
71
86
75
86
74
65
82
62
68
79
75
76
68
73
82
82
85
87
80
66
60
85
72
89
74
81
61
89
84
88
61
75
67
77
85
78
87
88
66
69
68
88
73
78
71
70
70
86
84
63
79
78
60
67
82
74
63
62
63
65
72
86
82
86
82
61
76
67
74
66
138
161
132
138
156
120
200
176
164
178
111
160
181
171
165
195
118
156
195
193
136
194
139
195
117
143
116
199
195
171
167
142
145
192
121
143
173
127
159
110
163
159
195
116
129
178
176
125
167
197
136
175
147
127
170
159
188
119
159
164
185
184
170
110
142
114
146
188
177
131
146
198
171
168
182
171
115
161
127
137
139
162
182
168
160
148
151
186
135
112
187
147
175
181
151
114
168
148
120
122
143
176
122
186
197
194
126
134
180
148
168
148
188
170
181
116
141
173
163
175
162
141
181
133
113
161
197
127
181
182
147
168
160
140
184
171
146
147
193
183
127
126
165
163
157
149
185
198
129
200
135
164
193
176
153
178
179
145
131
189
145
154
157
138
155
167
181
162
176
183
142
177
150
187
151
185
194
182
137
139
119
111
115
135
116
161
119
110
188
151
124
167
115
187
124
147
147
117
199
120
52
55
41
48
50
49
60
47
45
51
50
42
47
60
52
47
53
42
56
43
249
247
246
239
243
246
247
242
243
242
248
226
231
225
238
221
233
236
230
242
230
233
224
240
229
228
233
226
232
221
228
246
249
230
226
232
239
224
245
227
231
243
226
239
235
223
249
224
226
225
242
238
225
223
227
248
235
221
233
243
221
248
221
239
244
231
245
249
221
241
241
237
236
228
232
227
242
229
237
248
227
231
225
241
244
220
235
226
227
250
221
230
244
244
239
238
226
239
240
243
220
225
243
236
236
249
236
241
225
243
248
250
225
241
227
222
240
229
221
236
241
234
220
221
245
230
250
220
236
221
224
234
230
238
220
250
238
238
238
232
241
229
234
229
233
247
231
241
246
250
439
337
302
483
268
415
383
435
395
477
351
439
486
435
460
335
263
472
286
398
346
491
360
261
327
277
325
390
461
339
259
464
458
409
275
432
257
411
281
300
395
321
362
343
498
293
490
253
350
346
304
369
428
423
268
293
383
406
370
458
460
411
306
343
387
336
459
268
454
258
490
497
400
463
463
499
290
329
263
323
330
423
270
453
283
483
332
380
391
418
476
485
316
298
321
364
355
264
385
309
424
385
342
436
429
412
400
417
341
342
318
334
408
322
334
385
392
333
450
380
417
442
402
308
310
364
374
343
410
389
322
318
364
361
371
388
420
375
404
378
396
354
306
446
394
409
401
441
310
320
426
398
387
437
379
331
346
411
304
418
399
433
350
432
315
343
392
312
390
366
397
369
403
383
398
360
325
323
342
447
407
365
366
331
390
323
382
397
407
315
363
308
338
367
321
340
357
442
397
352
360
371
423
373
373
369
433
361
423
398
380
337
441
310
366
373
412
419
433
322
450
399
370
400
313
410
353
316
319
392
397
388
434
438
402
307
417
326
347
340
443
324
439
400
441
381
366
358
440
322
408
366
390
396
432
318
357
428
347
405
392
352
336
353
360
344
425
347
354
315
326
325
373
301
337
363
423
326
311
304
409
433
430
320
427
353
346
402
342
352
384
367
373
301
378
422
403
399
392
311
439
399
430
429
366
416
315
402
371
328
400
368
392
431
448
313
447
418
420
376
381
303
422
380
336
394
352
413
425
442
337
395
389
363
356
322
449
369
346
329
305
330
391
383
320
304
367
399
424
425
325
393
346
402
311
422
377
369
378
347
387
305
355
418
428
440
344
436
359
364
306
304
347
437
402
321
354
356
302
387
373
427
384
420
416
409
383
319
342
407
449
364
343
355
416
378
345
345
330
311
390
390
357
379
351
398
351
397
356
378
357
354
384
390
374
377
362
388
360
397
369
360
385
351
368
396
400
372
375
353
355
376
374
360
367
353
388
386
364
358
392
397
389
358
363
379
368
394
396
378
376
369
375
350
386
381
361
352
362
379
374
360
376
376
383
368
394
389
361
399
359
390
384
365
376
356
351
365
360
399
391
360
369
354
395
385
385
377
370
390
393
373
353
381
360
385
399
391
389
385
393
385
354
360
352
389
393
396
398
376
364
373
354
387
354
385
376
374
388
351
362
369
382
389
381
396
372
392
374
392
396
389
367
352
355
361
383
390
350
390
372
352
376
393
399
396
384
373
380
354
386
391
398
360
357
363
354
371
355
352
392
373
371
380
376
373
400
368
367
385
375
375
385
366
382
381
355
356
367
386
368
377
353
373
361
361
367
383
361
352
365
394
357
366
359
374
359
374
362
361
383
376
386
370
383
386
390
383
384
372
378
378
376
389
377
384
375
389
383
390
379
388
370
385
385
370
376
384
384
384
381
374
370
381
375
374
373
385
379
386
378
370
385
375
379
382
383
376
379
378
691
648
721
591
660
623
561
572
649
591
698
610
733
568
664
738
636
564
690
638
589
650
674
610
603
703
688
550
665
675
706
581
598
696
660
743
748
672
659
662
673
655
589
748
707
650
635
677
683
732
646
716
559
563
647
606
658
711
728
684
661
594
551
672
722
613
727
736
654
640
694
598
681
737
707
683
688
628
576
669
608
602
655
695
697
574
568
680
696
744
623
676
701
637
580
627
605
637
731
580
651
573
744
606
671
612
589
566
719
557
649
659
683
709
573
713
593
666
738
717
558
672
568
615
675
552
584
719
642
675
653
681
649
597
638
716
649
560
593
660
729
717
636
550
631
641
613
675
631
570
415
438
419
434
404
429
428
434
409
441
446
445
401
430
407
449
433
428
404
418
447
442
430
411
428
429
400
445
412
425
400
440
418
431
438
441
417
421
430
406
403
403
449
446
435
404
417
406
416
406
402
417
433
410
402
410
421
408
416
443
444
435
419
439
401
417
414
415
406
446
448
432
429
414
429
411
420
416
429
407
